set ASSETS := ADBE	AMD	ABNB	AAPL	ADI	ADP	ADSK	AEP	AMAT	AMGN	AMZN	ANSS	APP	ASML	AVGO	AXON	AZN	BIIB	BKNG	BKR	CCEP	CDNS	CDW	CEG	CHTR	CMCSA	COST	CPRT	CRWD	CSCO	CSGP	CSX	CTAS	CTSH	DDOG	DXCM	EA	EXC	FANG	FAST	FTNT	GEHC	GFS	GILD	GOOG	GOOGL	HON	IDXX	INTC	INTU	ISRG	KDP	KHC	KLAC	LRCX	LULU	MAR	MCHP	MDB	MDLZ	MELI	META	MNST	MRVL	MSFT	MSTR	MU	NFLX	NVDA	NXPI	ODFL	ON	ORLY	PANW	PAYX	PCAR	PDD	PEP	PYPL	QCOM	REGN	ROP	ROST	SBUX	SNPS	TEAM	TMUS	TSLA	TTD	TTWO	TXN	VRSK	VRTX	WBD	WDAY	XEL	ZS;

param q = 20; # max number of assets in index fund

param rho: ADBE	AMD	ABNB	AAPL	ADI	ADP	ADSK	AEP	AMAT	AMGN	AMZN	ANSS	APP	ASML	AVGO	AXON	AZN	BIIB	BKNG	BKR	CCEP	CDNS	CDW	CEG	CHTR	CMCSA	COST	CPRT	CRWD	CSCO	CSGP	CSX	CTAS	CTSH	DDOG	DXCM	EA	EXC	FANG	FAST	FTNT	GEHC	GFS	GILD	GOOG	GOOGL	HON	IDXX	INTC	INTU	ISRG	KDP	KHC	KLAC	LRCX	LULU	MAR	MCHP	MDB	MDLZ	MELI	META	MNST	MRVL	MSFT	MSTR	MU	NFLX	NVDA	NXPI	ODFL	ON	ORLY	PANW	PAYX	PCAR	PDD	PEP	PYPL	QCOM	REGN	ROP	ROST	SBUX	SNPS	TEAM	TMUS	TSLA	TTD	TTWO	TXN	VRSK	VRTX	WBD	WDAY	XEL	ZS:=
ADBE	1	0.5033892	0.360487239	0.599239383	0.459183515	0.411356869	0.626716118	0.116149869	0.507792143	0.229986616	0.572337435	0.627336648	0.320044133	0.558761545	0.568916307	0.469170094	0.134766262	0.19063256	0.362611445	0.060041608	0.274764318	0.677464707	0.453826004	0.197890009	0.296651157	0.311811389	0.461230566	0.59798817	0.486858775	0.362636794	0.44812349	0.352912091	0.570194007	0.426726392	0.523028375	0.373454787	0.300086948	0.291405483	0.051453613	0.459100342	0.471822586	0.073960047	0.388540781	0.231794216	0.563316082	0.558033465	0.344208292	0.576218686	0.35678562	0.676277312	0.560422525	0.198367589	-0.019997265	0.518536501	0.538336129	0.439730665	0.341939825	0.447313485	0.531588432	0.196110244	0.429605385	0.510425714	0.252190955	0.513106738	0.722914787	0.214443181	0.424268169	0.438421471	0.579671477	0.446676349	0.435811885	0.353490554	0.222816395	0.36302801	0.486576324	0.263089193	0.161591891	0.238602711	0.461338117	0.48238964	0.363622431	0.155329698	0.385376397	0.36938278	0.694651537	0.559621284	0.189753527	0.341341257	0.383254568	0.278697195	0.481192198	0.505364322	0.15550196	0.061465204	0.615081867	0.122457889	0.513975975
AMD	0.5033892	1	0.370808606	0.443003757	0.549830208	0.324982032	0.507954334	0.019062206	0.668523253	0.023414814	0.508803018	0.515798553	0.355391265	0.633366742	0.536940874	0.38378484	0.120524926	0.093290884	0.351723239	0.0440849	0.22228475	0.589792161	0.472006569	0.280296723	0.271460436	0.275180112	0.374840964	0.544849049	0.451698575	0.294488043	0.342345029	0.274380696	0.319475428	0.400565286	0.452757855	0.255311762	0.263176329	0.120642051	0.140054955	0.387171694	0.319231766	0.184858833	0.523132451	0.078050624	0.483850606	0.500363607	0.247534144	0.402736153	0.422373385	0.432420965	0.41139076	0.071635463	-0.030896229	0.656922844	0.649669095	0.304168598	0.303949478	0.618392269	0.376907612	0.145666377	0.425690017	0.36872865	0.186151296	0.704312482	0.514679654	0.367382706	0.50720178	0.407599688	0.701324714	0.618309203	0.35928208	0.547739056	0.1417461	0.273360649	0.379013382	0.25209647	0.183386893	0.029242361	0.309677849	0.610124637	0.130288936	0.124897869	0.294127141	0.229193942	0.604545625	0.387955133	0.238478513	0.431396159	0.391989541	0.293253108	0.55020692	0.277809098	0.102905614	0.043220056	0.393109589	-0.036777751	0.427329844
ABNB	0.360487239	0.370808606	1	0.354700645	0.486060655	0.269866427	0.46039891	0.006957784	0.451740992	0.001996905	0.525200812	0.423026056	0.322364604	0.474780995	0.322482726	0.461916264	0.093482392	0.140674651	0.56182634	0.110437859	0.306965131	0.420038674	0.346708425	0.129091881	0.169201675	0.253580866	0.331647122	0.313971341	0.423327719	0.254985516	0.342713958	0.216161554	0.276020578	0.435991801	0.460839348	0.312268458	0.218212327	0.162054115	0.20527875	0.30793497	0.411581059	0.233562189	0.404166431	-0.038897182	0.32895159	0.333120554	0.272509134	0.359304463	0.370998132	0.497320022	0.346225043	0.131702692	0.040435214	0.409552901	0.425265185	0.399990606	0.565469999	0.519531222	0.518605986	0.101308267	0.45209476	0.321093603	0.191456155	0.443887074	0.381642322	0.467639959	0.395458402	0.409212277	0.476261485	0.456213601	0.348040254	0.470501493	0.072345107	0.248344095	0.353781804	0.361284194	0.265299905	0.021866127	0.454029019	0.439405751	0.172857251	0.047930625	0.316510939	0.318834725	0.403997744	0.46833248	0.197640065	0.481401286	0.499311261	0.251176952	0.390300261	0.294424928	0.120568452	0.153443086	0.439860742	-0.116832003	0.485312752
AAPL	0.599239383	0.443003757	0.354700645	1	0.47645073	0.405847287	0.566767945	0.219255362	0.497020258	0.217618272	0.547352778	0.498118846	0.223975433	0.526765999	0.540564505	0.361429991	0.163963394	0.07214869	0.366074057	-0.028136502	0.200762876	0.555201451	0.403567485	0.257437212	0.26150931	0.234978061	0.543716273	0.525224421	0.422270177	0.365586867	0.438915962	0.349786904	0.576584665	0.431069289	0.475804859	0.268802046	0.237981522	0.261910644	0.110307565	0.436314344	0.423778511	0.126297533	0.423909467	0.172302694	0.594828786	0.596885497	0.338020655	0.488280486	0.377751378	0.601442709	0.515428788	0.256194837	0.002322151	0.464664096	0.520921614	0.365436098	0.355945112	0.490315517	0.435188237	0.228179604	0.419578678	0.394598497	0.216911634	0.451177682	0.68613051	0.240567735	0.371165772	0.428551778	0.547908841	0.474048693	0.427563159	0.466140714	0.286485939	0.369445924	0.462046378	0.377487439	0.141277005	0.309621289	0.452663713	0.592110687	0.304793494	0.168551832	0.39834582	0.275184242	0.540408953	0.418923799	0.310538951	0.504603227	0.34909848	0.263001157	0.502364797	0.573714583	0.320132933	0.061202988	0.49029861	0.217290099	0.504687241
ADI	0.459183515	0.549830208	0.486060655	0.47645073	1	0.393777449	0.609713983	0.0956149	0.706433837	0.091963609	0.433114338	0.570911221	0.35541888	0.691697	0.521041571	0.420035772	0.311273132	0.162950971	0.514007628	0.094967425	0.373992333	0.60041119	0.50276496	0.258806863	0.234999637	0.281716631	0.395019617	0.566954766	0.375857442	0.283467409	0.447169296	0.456411707	0.489003232	0.422336703	0.454537253	0.286886873	0.266205816	0.171335296	0.149513111	0.475708082	0.482103037	0.23084547	0.548610096	0.173166879	0.405562779	0.413289618	0.351898283	0.540175675	0.452597099	0.509717501	0.513353152	0.22269099	0.069374876	0.703719231	0.707651472	0.422330805	0.440232532	0.835785359	0.386491105	0.175314875	0.434258622	0.329882006	0.301247151	0.517856876	0.457388504	0.303362339	0.520844733	0.358553202	0.56851635	0.758021648	0.398729181	0.675847914	0.200662996	0.258221843	0.412680914	0.370391706	0.204916238	0.189112861	0.467848699	0.624954208	0.177408837	0.191138302	0.371641803	0.435439522	0.60840856	0.356012681	0.215874107	0.397389088	0.42365245	0.265952378	0.792541744	0.403603401	0.192098553	0.068059747	0.346119845	0.059416335	0.424184678
ADP	0.411356869	0.324982032	0.269866427	0.405847287	0.393777449	1	0.495991901	0.309231659	0.341467148	0.330150412	0.326176512	0.406664447	0.27491748	0.400318852	0.284019156	0.296522204	0.300615326	0.114732192	0.363449854	0.142032752	0.224768659	0.436803178	0.494640075	0.294424877	0.296414355	0.333678817	0.445618402	0.439577906	0.242602177	0.41057819	0.413374826	0.494569729	0.590423481	0.428977986	0.313288	0.221501726	0.24900578	0.381386801	0.137876266	0.522611091	0.337519473	0.137860472	0.353959756	0.261547728	0.35650278	0.373388198	0.387039165	0.500540563	0.313989067	0.505847141	0.48380146	0.291681929	0.192858177	0.377841193	0.342294731	0.387347544	0.356898832	0.349742661	0.271282259	0.33172787	0.264594878	0.220842305	0.279664712	0.294525702	0.460867682	0.191152748	0.201396371	0.291720111	0.338966049	0.340936416	0.435213881	0.288291377	0.348673881	0.191452942	0.829943317	0.273853281	0.054265595	0.461733	0.315718724	0.27510578	0.28525236	0.171303224	0.415486878	0.395298777	0.421670005	0.284218602	0.343636721	0.284854232	0.274814009	0.278907994	0.41074711	0.49641694	0.286776742	0.153804063	0.387482289	0.325272604	0.33229397
ADSK	0.626716118	0.507954334	0.46039891	0.566767945	0.609713983	0.495991901	1	0.151844342	0.616157893	0.225044635	0.550796028	0.655750947	0.418702583	0.636425713	0.533017209	0.486506419	0.196576379	0.154469085	0.53277143	0.09537588	0.358229759	0.651427813	0.582159211	0.246014508	0.294941851	0.273988429	0.450268488	0.625110601	0.510744822	0.357372131	0.552542216	0.470842343	0.60090537	0.531005536	0.565460506	0.365859917	0.337145695	0.241441761	0.165329475	0.52209115	0.530662094	0.139491789	0.430462749	0.269528521	0.525945685	0.533133804	0.436668267	0.590586475	0.438565358	0.672729789	0.572714827	0.188463147	0.041308767	0.599539335	0.611768002	0.449042617	0.466646161	0.598349607	0.488841117	0.267977195	0.509451558	0.412032569	0.374605346	0.467493529	0.645086434	0.321381164	0.406645039	0.447076959	0.543379484	0.595762495	0.555963575	0.549329105	0.35870769	0.348457025	0.584956057	0.360052106	0.21254843	0.294600019	0.557662921	0.481331565	0.30157552	0.198467236	0.440580539	0.374917904	0.643875434	0.561105902	0.271307849	0.425060591	0.427344266	0.336413665	0.577106962	0.517121017	0.265174638	0.064290669	0.600870651	0.131768639	0.54265149
AEP	0.116149869	0.019062206	0.006957784	0.219255362	0.0956149	0.309231659	0.151844342	1	0.005498547	0.35647948	0.065767999	0.15808703	-0.008165185	0.061664046	0.059799486	0.159817786	0.243838708	-0.069091141	0.060966382	0.202270929	0.208184442	0.018897129	0.101081815	0.213528794	0.293478642	0.313459232	0.273831539	0.090241285	-0.048660047	0.207085902	0.156160166	0.294468083	0.365899543	0.206822096	-0.029147387	0.080846223	0.155632108	0.690403903	0.112619949	0.266436806	0.120483909	0.134926943	0.128094916	0.329292887	0.008117438	0.015868502	0.346675952	0.195290467	0.20246734	0.15554098	0.215862482	0.377761238	0.32442558	-0.005454131	-0.002623168	0.129128806	0.038220415	0.052506112	-0.029225339	0.423565016	0.14449498	0.034564591	0.237483313	-0.060663903	0.116607768	0.084393029	-0.031487783	0.070345635	-0.035797408	0.053650541	0.114984445	0.006160819	0.232944887	0.056119756	0.326066741	0.136962412	-0.051949629	0.529575257	0.132248497	0.106149125	0.194411768	0.011733691	0.159507558	0.151192618	0.032558965	-0.037520248	0.303765068	0.133275892	0.094892417	0.065230992	0.182962114	0.310249029	0.263840852	0.179733382	0.12289889	0.733510923	0.025357871
AMAT	0.507792143	0.668523253	0.451740992	0.497020258	0.706433837	0.341467148	0.616157893	0.005498547	1	0.094316889	0.494463701	0.59501333	0.397834706	0.7925342	0.673193185	0.449145072	0.20521607	0.111305732	0.516614789	0.100729989	0.318583236	0.637253105	0.489625467	0.348884398	0.227451368	0.234870794	0.419072987	0.54580475	0.469771432	0.379789675	0.391931797	0.4044906	0.40677382	0.364025063	0.480483217	0.241893477	0.269632191	0.093978763	0.284584808	0.491354803	0.418029222	0.167293095	0.503459915	0.092392683	0.464319496	0.468584664	0.302462923	0.479257933	0.499882385	0.494810838	0.467789818	0.160235976	-0.00811799	0.906951637	0.932913797	0.28656443	0.451688027	0.783257832	0.412778295	0.123772678	0.458208587	0.403725419	0.223934871	0.65467927	0.512386538	0.314697647	0.656285082	0.403248223	0.710555947	0.744133739	0.502333301	0.686852109	0.284101845	0.29885814	0.382753531	0.344199445	0.252356677	0.05803856	0.439546481	0.630094057	0.162837276	0.101501165	0.409566108	0.293728063	0.652625096	0.370015079	0.1860954	0.386029873	0.374611246	0.203641938	0.706007844	0.33129733	0.18321069	0.00422624	0.465955186	-0.017311284	0.452793929
AMGN	0.229986616	0.023414814	0.001996905	0.217618272	0.091963609	0.330150412	0.225044635	0.35647948	0.094316889	1	0.088046818	0.131359914	0.038417902	0.115198473	0.047605011	0.178244551	0.385016528	0.262845561	0.098875614	0.083068454	0.229567587	0.074780384	0.091672093	0.129960809	0.382504607	0.353959591	0.212622948	0.14295113	0.042855715	0.26425382	0.205152934	0.207315373	0.246129109	0.245422432	-0.058180268	0.099615845	0.258339269	0.292452957	0.103334229	0.217514533	0.060634313	-0.052545083	0.111845216	0.502644063	0.080829276	0.084504984	0.28902667	0.197010525	0.282525515	0.132038822	0.202681771	0.242783527	0.291847861	0.09674253	0.075988331	0.160816098	0.083343036	0.096308816	-0.034948067	0.315940668	0.213974279	0.065522669	0.226254964	0.001319722	0.062990093	-0.036774268	0.116048453	0.077785679	0.007083718	0.088474173	0.116580481	0.014049816	0.303728997	0.052219776	0.283623253	0.115203697	-0.03209599	0.378354156	0.190313391	0.084195451	0.400527069	0.071791441	0.18258016	0.039606974	0.052672971	0.021386602	0.299093069	0.037718153	0.014169682	0.125650128	0.181356976	0.28907343	0.337893918	0.182431281	0.149887561	0.339295402	0.028484738
AMZN	0.572337435	0.508803018	0.525200812	0.547352778	0.433114338	0.326176512	0.550796028	0.065767999	0.494463701	0.088046818	1	0.562478521	0.45608496	0.603844825	0.44674966	0.441186739	0.07764978	0.15629677	0.500018368	0.096816369	0.314328921	0.59225322	0.407231093	0.322248619	0.213338086	0.217633771	0.478471162	0.554220769	0.539368477	0.266140953	0.42841255	0.255923135	0.47255662	0.442697388	0.585246949	0.215035787	0.250280372	0.174690695	0.122263572	0.386897164	0.40681414	0.175187971	0.40821233	-0.015651424	0.616487088	0.607743186	0.19350054	0.474326242	0.310843235	0.601978482	0.474350152	0.163701743	-0.085128179	0.472114901	0.525507478	0.365698859	0.437072985	0.447682987	0.587469495	0.132624447	0.530801957	0.502562303	0.210222852	0.494572364	0.647537026	0.334010206	0.420667179	0.557586741	0.585681565	0.41461804	0.393656451	0.405908253	0.19754436	0.30772378	0.381956193	0.292477281	0.167901717	0.116009603	0.463888498	0.462397652	0.192250211	0.09622726	0.302667719	0.311063822	0.598036702	0.54813281	0.27440276	0.424386573	0.45704551	0.35709712	0.432299798	0.451660659	0.166641957	0.105911303	0.548468721	0.040853761	0.560379408
ANSS	0.627336648	0.515798553	0.423026056	0.498118846	0.570911221	0.406664447	0.655750947	0.15808703	0.59501333	0.131359914	0.562478521	1	0.365713111	0.638930897	0.527406974	0.557749713	0.252517833	0.122761775	0.444135381	0.059357686	0.323562335	0.739383714	0.47653132	0.18492021	0.218868478	0.184868881	0.457993237	0.626103176	0.49806018	0.29473765	0.469704727	0.393852984	0.59375386	0.431431551	0.548124036	0.364170858	0.322812216	0.283593839	0.073360576	0.489207437	0.532514519	0.235566726	0.469501184	0.154518736	0.537703876	0.540107476	0.3408669	0.657405952	0.387563072	0.674421701	0.578094656	0.240245676	0.007629728	0.604985635	0.618606422	0.481072634	0.351176363	0.60877928	0.508969141	0.234695465	0.528662308	0.468872445	0.37734277	0.53389349	0.644319814	0.296951119	0.451609278	0.395304436	0.640206812	0.537050974	0.526920847	0.485272907	0.176612217	0.325346319	0.439086951	0.311870171	0.202229727	0.254434852	0.571056471	0.512877238	0.228322125	0.173215352	0.386721624	0.41409775	0.725481141	0.514883101	0.20816752	0.435299267	0.416305915	0.362728418	0.59585898	0.523024382	0.215457587	0.035320509	0.596716176	0.17651412	0.530915109
APP	0.320044133	0.355391265	0.322364604	0.223975433	0.35541888	0.27491748	0.418702583	-0.008165185	0.397834706	0.038417902	0.45608496	0.365713111	1	0.373425934	0.258893099	0.275037551	0.180713529	0.125327745	0.363043381	0.104803011	0.340130764	0.352205514	0.221645313	0.190023887	0.216282905	0.193461991	0.248007459	0.398324201	0.394393521	0.20467276	0.354762295	0.189102089	0.308412131	0.321786135	0.43170619	0.240487604	0.263469287	0.096986855	0.135728888	0.259086581	0.42689851	0.135645896	0.216175489	-0.020069751	0.411037371	0.403715393	0.158158974	0.364965118	0.193418223	0.456049475	0.302077536	0.110145225	-0.091382866	0.361592689	0.396262196	0.253623466	0.253496628	0.285905002	0.381436505	0.167232193	0.363707233	0.331900125	0.216490787	0.370129218	0.385783517	0.235186427	0.320660121	0.440434779	0.367438965	0.320450338	0.275945924	0.249015456	0.164535664	0.273114704	0.298838958	0.21762324	0.186381683	0.151657258	0.259579227	0.257144074	0.201698313	0.028627555	0.146514342	0.174550668	0.447018168	0.410274968	0.101987927	0.25632636	0.404948846	0.367079796	0.256604137	0.321913857	0.130042911	0.067024207	0.38535625	-0.064056659	0.50110452
ASML	0.558761545	0.633366742	0.474780995	0.526765999	0.691697	0.400318852	0.636425713	0.061664046	0.7925342	0.115198473	0.603844825	0.638930897	0.373425934	1	0.602537031	0.498765191	0.261169112	0.13230774	0.515247201	0.08377836	0.391169391	0.68681395	0.577509735	0.230274014	0.250194561	0.285830033	0.478484758	0.61474062	0.485239978	0.397164544	0.476290611	0.392944945	0.474699436	0.465085465	0.459462995	0.294767219	0.363312248	0.144359875	0.131584385	0.497904904	0.501892161	0.198171915	0.486778477	0.099087488	0.481579779	0.490026815	0.387053336	0.571478392	0.403385449	0.562140153	0.53518044	0.183975883	0.024883242	0.785457203	0.794552039	0.388371153	0.46392942	0.707012068	0.442724561	0.225093123	0.496787367	0.412634582	0.286414012	0.62936263	0.586017407	0.284775042	0.552744553	0.503267513	0.689641208	0.680673603	0.445989469	0.605677459	0.218709623	0.295801638	0.426596893	0.397522363	0.221446551	0.165715257	0.504391528	0.581929594	0.229551984	0.101090113	0.455791633	0.371528096	0.716462569	0.441746415	0.222572204	0.375713852	0.38993397	0.316964895	0.673549652	0.427968522	0.176475242	0.024085775	0.475088898	0.073978898	0.504534833
AVGO	0.568916307	0.536940874	0.322482726	0.540564505	0.521041571	0.284019156	0.533017209	0.059799486	0.673193185	0.047605011	0.44674966	0.527406974	0.258893099	0.602537031	1	0.365085239	0.100646486	0.078963148	0.407719253	0.00248389	0.238627858	0.619541406	0.442796337	0.370020136	0.134841522	0.117725138	0.47905859	0.478886149	0.465418839	0.363014789	0.339794166	0.298991443	0.398796201	0.343788831	0.466739201	0.274734766	0.245901869	0.082754665	0.132371172	0.412504257	0.410006879	0.177917071	0.434134341	0.114433395	0.436261668	0.440186349	0.289397515	0.43727664	0.365746833	0.448862337	0.458356352	0.132926169	0.016595193	0.66987244	0.66746226	0.23668794	0.410730379	0.583103971	0.404862029	0.152036754	0.294543257	0.338273608	0.13626624	0.689958007	0.538312262	0.152648315	0.596553475	0.341387739	0.64603465	0.592206415	0.389515115	0.509553256	0.225694145	0.311855803	0.376597558	0.324054447	0.183124976	0.069924907	0.290700199	0.555246689	0.141632386	0.172061153	0.38815129	0.308462063	0.62447456	0.398355657	0.161131524	0.361914185	0.312639081	0.300533186	0.59280878	0.343790934	0.238439612	-0.083713256	0.408539387	-0.02362776	0.424619751
AXON	0.469170094	0.38378484	0.461916264	0.361429991	0.420035772	0.296522204	0.486506419	0.159817786	0.449145072	0.178244551	0.441186739	0.557749713	0.275037551	0.498765191	0.365085239	1	0.215252848	0.255589392	0.358134131	0.168452496	0.24813878	0.527876561	0.386604687	0.204502339	0.23124374	0.259782752	0.336774228	0.430027647	0.46362564	0.208999856	0.371681205	0.279393598	0.361319698	0.377177586	0.404304133	0.34941656	0.280553232	0.216230255	0.168186135	0.428942798	0.413677443	0.141522994	0.390851662	0.181993213	0.324171766	0.325496894	0.298999097	0.536460375	0.335363322	0.485969447	0.475981983	0.074922175	-0.091429791	0.44953607	0.44516659	0.455139804	0.328237373	0.453089663	0.380113081	0.065463359	0.516724922	0.28040261	0.272809004	0.357443605	0.40570032	0.338567197	0.308708623	0.364536739	0.428406598	0.400508237	0.411114295	0.380097954	0.124173646	0.324963264	0.399874368	0.272192967	0.113763017	0.023156899	0.481024469	0.361413901	0.242149626	0.058515079	0.284667729	0.319446382	0.537269984	0.409639137	0.233139299	0.326748567	0.420989482	0.19559253	0.430493948	0.391684674	0.149454266	0.029334853	0.440598108	0.019032069	0.473069593
AZN	0.134766262	0.120524926	0.093482392	0.163963394	0.311273132	0.300615326	0.196576379	0.243838708	0.20521607	0.385016528	0.07764978	0.252517833	0.180713529	0.261169112	0.100646486	0.215252848	1	0.26751292	0.237692599	0.126499455	0.232388532	0.138436042	0.159154182	0.065726329	0.231102843	0.165366198	0.23264946	0.284417649	0.181845095	0.142969573	0.261210287	0.188430142	0.30757585	0.199340035	0.141558183	0.177921945	0.236066526	0.247394751	0.119220564	0.136110567	0.189367592	0.093847104	0.127232358	0.336687617	0.132591624	0.127741634	0.263072658	0.296476239	0.171090916	0.21134229	0.292629972	0.190626542	0.239683335	0.255953232	0.18197829	0.182615883	0.124055094	0.257105425	0.16193565	0.245579424	0.236235105	0.06161775	0.215700585	0.119289877	0.161904047	0.086204888	0.136831252	0.116508118	0.212289033	0.164901114	0.020389107	0.08852422	0.194663425	0.057080966	0.252163448	0.141458721	0.083474365	0.275766262	0.284391698	0.125980832	0.272370968	0.191157069	0.23398003	0.154915634	0.191841014	0.094685974	0.27128446	0.086834427	0.07433825	0.187266167	0.298511293	0.280897665	0.311856091	0.17608026	0.11370212	0.260811005	0.139824533
BIIB	0.19063256	0.093290884	0.140674651	0.07214869	0.162950971	0.114732192	0.154469085	-0.069091141	0.111305732	0.262845561	0.15629677	0.122761775	0.125327745	0.13230774	0.078963148	0.255589392	0.26751292	1	0.086126472	-0.019955114	0.124616188	0.169483215	0.041306949	0.161164058	0.069834218	0.07901357	0.151068668	0.129400229	0.216289164	0.154622387	0.178483387	0.055895651	0.116343671	0.144210562	0.139728068	0.163446551	0.07878369	0.031074222	0.055555896	0.097405297	0.164629506	0.063888937	0.100558165	0.218531232	0.136934382	0.122952722	0.178779485	0.233853499	0.130322896	0.144648918	0.25085725	-0.026405266	0.085624244	0.164665476	0.098648344	0.149136661	0.114685696	0.141176641	0.128115196	0.036790939	0.243651945	0.027751854	0.165531511	0.13815028	0.147398832	0.183581406	0.085233057	0.092862864	0.121188261	0.077004463	0.019069551	0.104255023	0.081976383	0.051246118	0.127726255	0.044745963	0.000412806	0.073403956	0.167563737	0.085346068	0.224224993	0.088985419	0.121751934	0.087050016	0.153241411	0.148657588	0.179643727	0.095039124	0.122751774	0.023267927	0.13817524	0.121938015	0.12703332	0.091803696	0.108729899	0.011708674	0.217134201
BKNG	0.362611445	0.351723239	0.56182634	0.366074057	0.514007628	0.363449854	0.53277143	0.060966382	0.516614789	0.098875614	0.500018368	0.444135381	0.363043381	0.515247201	0.407719253	0.358134131	0.237692599	0.086126472	1	0.156294377	0.499383976	0.391234645	0.486058927	0.20141658	0.222745662	0.277052582	0.300625415	0.46894904	0.361012421	0.337623509	0.365175518	0.345879084	0.431250807	0.394051179	0.379745369	0.248583296	0.252290562	0.126365178	0.312172204	0.399146303	0.323234685	0.225875522	0.334758982	0.085433445	0.400046373	0.405225629	0.42125372	0.36401477	0.349597783	0.464805469	0.38943346	0.195042135	0.080774299	0.477501825	0.503258831	0.358771023	0.699428492	0.560680152	0.394219592	0.220195564	0.434078826	0.326593812	0.28648021	0.34228359	0.369827798	0.279077437	0.444865318	0.334192116	0.434081997	0.518265668	0.324015427	0.455777301	0.200237278	0.166240037	0.441106592	0.465451357	0.228065943	0.156309308	0.404930411	0.39926734	0.173124207	0.14802981	0.407935098	0.471319254	0.388261246	0.378839922	0.309985451	0.375313636	0.339745444	0.296298441	0.45832306	0.371225329	0.218166483	0.025452384	0.352976416	0.036128271	0.432459494
BKR	0.060041608	0.0440849	0.110437859	-0.028136502	0.094967425	0.142032752	0.09537588	0.202270929	0.100729989	0.083068454	0.096816369	0.059357686	0.104803011	0.08377836	0.00248389	0.168452496	0.126499455	-0.019955114	0.156294377	1	0.05348045	-0.018132093	0.124400977	0.149931986	0.259703054	0.233853413	-0.029116575	0.003157202	0.010839338	0.051908272	0.118997075	0.178955742	0.093751675	0.100867649	0.029776997	-0.007335772	0.117601866	0.208142822	0.431877127	0.082887773	0.053204648	0.054548034	0.233349366	0.132919779	0.048853922	0.0525806	0.212875349	0.058726886	0.158552396	0.045167071	0.091607548	0.00405151	-0.002972516	0.085525468	0.094430991	0.124324898	0.184593645	0.141439783	-0.005437395	-0.044647749	0.001419627	-0.006523218	-0.098367399	0.043084924	0.008747677	0.037759859	0.073328706	0.140081605	0.040604182	0.108987966	0.191672021	0.148227895	0.139718643	0.063164495	0.103614719	0.160171743	-0.017356273	0.004069996	0.073727342	0.034643964	0.035017635	-0.040389372	0.020194503	0.048933613	0.046010873	0.0193825	0.086169488	0.020563862	-0.032278847	0.053839919	0.207058006	-0.02108219	0.029692977	0.165347922	0.104047097	0.210572163	0.050696692
CCEP	0.274764318	0.22228475	0.306965131	0.200762876	0.373992333	0.224768659	0.358229759	0.208184442	0.318583236	0.229567587	0.314328921	0.323562335	0.340130764	0.391169391	0.238627858	0.24813878	0.232388532	0.124616188	0.499383976	0.05348045	1	0.209512549	0.296299795	0.104640582	0.30658362	0.385478012	0.192272157	0.342939158	0.13800359	0.263866078	0.389892691	0.22200115	0.307365102	0.286907969	0.186709092	0.1602513	0.28804024	0.233624783	0.059367457	0.31499484	0.191165329	0.088500292	0.194373141	0.209438989	0.218318284	0.221473667	0.394365561	0.297787669	0.21909571	0.263641269	0.328753164	0.277694856	0.204058955	0.315920877	0.318474421	0.271179665	0.329018388	0.364374586	0.208767022	0.52399738	0.242054629	0.221549678	0.422452157	0.192787571	0.272200078	0.157306408	0.271576075	0.210743575	0.253634219	0.336903692	0.159362103	0.217755559	0.197182887	0.046076975	0.271376231	0.356891628	0.062378825	0.363333443	0.321217079	0.249603808	0.187898843	0.059064621	0.230722069	0.321601127	0.243780011	0.156460084	0.264232965	0.085121557	0.205445954	0.176766119	0.291935443	0.226500871	0.210286031	0.010181818	0.162300231	0.170392043	0.151828067
CDNS	0.677464707	0.589792161	0.420038674	0.555201451	0.60041119	0.436803178	0.651427813	0.018897129	0.637253105	0.074780384	0.59225322	0.739383714	0.352205514	0.68681395	0.619541406	0.527876561	0.138436042	0.169483215	0.391234645	-0.018132093	0.209512549	1	0.512962253	0.326766349	0.134637777	0.135279198	0.453228797	0.658879935	0.580438763	0.301617186	0.443737828	0.313850127	0.505634674	0.412771005	0.55967452	0.334154667	0.288034762	0.161658735	0.037266892	0.490889973	0.512633618	0.20860551	0.477095662	0.071353406	0.535121013	0.540434619	0.295654137	0.595318072	0.3426185	0.656890631	0.56455265	0.075028836	-0.164090145	0.651711588	0.651302837	0.392909783	0.372570453	0.585697626	0.507695021	0.060154182	0.51960546	0.466249966	0.27114908	0.584312453	0.729173014	0.234791173	0.525474017	0.4560323	0.673435928	0.554815153	0.503432464	0.519838644	0.14083031	0.377682235	0.469110083	0.263307439	0.19131296	0.109584222	0.483424531	0.54871859	0.218968393	0.249049028	0.320255847	0.398889182	0.878257846	0.502258501	0.192146911	0.40932908	0.441895382	0.332501861	0.58203968	0.418427455	0.24438244	-0.002855484	0.571143837	0.004653199	0.531894801
CDW	0.453826004	0.472006569	0.346708425	0.403567485	0.50276496	0.494640075	0.582159211	0.101081815	0.489625467	0.091672093	0.407231093	0.47653132	0.221645313	0.577509735	0.442796337	0.386604687	0.159154182	0.041306949	0.486058927	0.124400977	0.296299795	0.512962253	1	0.223675237	0.338522822	0.317005411	0.445970484	0.555563584	0.303189586	0.539224565	0.478923628	0.389004141	0.513951477	0.447932493	0.353060151	0.208645486	0.24904531	0.248787843	0.19688187	0.495842124	0.388277595	0.197071021	0.339754699	0.259520407	0.425341903	0.43713678	0.306772976	0.459234149	0.343013938	0.484743928	0.379980522	0.203714815	0.103036344	0.51790133	0.489585748	0.375676792	0.418804765	0.52535862	0.352777797	0.225994507	0.349688691	0.219108408	0.296869038	0.415259962	0.463175145	0.304120287	0.367694268	0.373568426	0.477539276	0.520764092	0.450110109	0.454264994	0.424670014	0.208955708	0.533020889	0.441624992	0.082433032	0.258530259	0.332555607	0.353622798	0.221585714	0.172144576	0.468060747	0.524878494	0.492897881	0.358086917	0.279391133	0.328567546	0.28483351	0.235210541	0.475315891	0.375524615	0.141324922	0.080511621	0.408396512	0.14463153	0.387808092
CEG	0.197890009	0.280296723	0.129091881	0.257437212	0.258806863	0.294424877	0.246014508	0.213528794	0.348884398	0.129960809	0.322248619	0.18492021	0.190023887	0.230274014	0.370020136	0.204502339	0.065726329	0.161164058	0.20141658	0.149931986	0.104640582	0.326766349	0.223675237	1	0.081162465	0.088480247	0.255392439	0.277019937	0.209099292	0.226369644	0.261559549	0.250839673	0.279322742	0.155595827	0.193666617	0.163543714	-0.025205717	0.122390147	0.253134578	0.263621462	0.15366436	0.09494342	0.27536177	0.137112698	0.168483044	0.168637008	0.265406999	0.176441787	0.146539896	0.216002582	0.294099454	0.131202153	-4.18758E-05	0.352863945	0.328021121	0.15195533	0.187402176	0.274552973	0.118088322	0.033661585	0.215889744	0.102216534	0.149201734	0.294678637	0.279161388	0.239062423	0.323219532	0.337842102	0.260743698	0.262184693	0.161012707	0.277056328	0.264686115	0.113165272	0.268924812	0.257157191	-0.006893952	0.110993267	0.115006928	0.26401885	0.116562654	0.002879959	0.279868726	0.099094418	0.305387219	0.14469792	0.26949226	0.252754221	0.218250674	0.000162449	0.270567776	0.1958292	0.219045749	0.105267562	0.080975363	0.052292338	0.181994591
CHTR	0.296651157	0.271460436	0.169201675	0.26150931	0.234999637	0.296414355	0.294941851	0.293478642	0.227451368	0.382504607	0.213338086	0.218868478	0.216282905	0.250194561	0.134841522	0.23124374	0.231102843	0.069834218	0.222745662	0.259703054	0.30658362	0.134637777	0.338522822	0.081162465	1	0.7137357	0.284013628	0.287594407	0.079675736	0.315430877	0.267132967	0.214061258	0.285776758	0.390886513	0.100767226	0.025463291	0.236532979	0.301954357	0.143848358	0.244723431	0.095905397	0.256389524	0.235725791	0.34268449	0.190449062	0.191946899	0.278543697	0.303201598	0.293087695	0.29838633	0.260633856	0.111198642	0.163166675	0.226105758	0.213026886	0.213797349	0.240144484	0.276014175	0.102201907	0.26854848	0.268744706	0.119118931	0.123713336	0.126718197	0.167403392	0.103859209	0.184344864	0.317121182	0.164178215	0.224020536	0.270718602	0.135220869	0.328439342	0.147198576	0.341879651	0.140989872	-0.002821082	0.219606893	0.26390556	0.270815657	0.208543785	0.083055454	0.268380489	0.294771992	0.166260806	0.256742639	0.299152743	0.09044263	0.177260694	0.204274658	0.267774994	0.322450379	0.200921101	0.240808145	0.161389402	0.260463375	0.161896992
CMCSA	0.311811389	0.275180112	0.253580866	0.234978061	0.281716631	0.333678817	0.273988429	0.313459232	0.234870794	0.353959591	0.217633771	0.184868881	0.193461991	0.285830033	0.117725138	0.259782752	0.165366198	0.07901357	0.277052582	0.233853413	0.385478012	0.135279198	0.317005411	0.088480247	0.7137357	1	0.247273586	0.27523123	0.054280445	0.355577116	0.20139531	0.329890332	0.306720984	0.3980513	0.030917613	0.151984257	0.271574218	0.300682613	0.163184893	0.268527447	0.223841631	0.124966339	0.281741972	0.288877566	0.208328406	0.211529483	0.332096935	0.350547792	0.385598864	0.277417547	0.30803847	0.11516375	0.291511958	0.189726664	0.217986562	0.264245718	0.267666216	0.290786216	0.074920407	0.349989554	0.217870635	0.262216038	0.216773587	0.106505231	0.15342332	0.198882396	0.203811458	0.321638939	0.174307155	0.244847689	0.267297192	0.107346749	0.287211762	0.13433489	0.374698675	0.235290306	0.005788953	0.283980221	0.298953605	0.28020653	0.164714837	0.13593926	0.33924291	0.39221283	0.173433248	0.197302394	0.286180328	0.094434384	0.185266382	0.167497459	0.247632019	0.29682338	0.247907525	0.260012146	0.188234623	0.254385273	0.154227154
COST	0.461230566	0.374840964	0.331647122	0.543716273	0.395019617	0.445618402	0.450268488	0.273831539	0.419072987	0.212622948	0.478471162	0.457993237	0.248007459	0.478484758	0.47905859	0.336774228	0.23264946	0.151068668	0.300625415	-0.029116575	0.192272157	0.453228797	0.445970484	0.255392439	0.284013628	0.247273586	1	0.481799436	0.412018832	0.466129393	0.321875704	0.387803901	0.592399785	0.427469124	0.389784476	0.291595353	0.194845207	0.276552735	0.029396966	0.469551815	0.429597145	0.156352599	0.316710112	0.183097345	0.354929542	0.359814365	0.286347588	0.465175831	0.250963626	0.530256415	0.526734921	0.299698485	0.176561743	0.430626011	0.410786361	0.461065236	0.354407672	0.381384468	0.35699486	0.325029696	0.33317589	0.219089045	0.313837723	0.400407691	0.466037873	0.200350527	0.324051036	0.36369091	0.44519862	0.365326368	0.41348291	0.341504811	0.46519146	0.311376967	0.523313024	0.319579345	0.055702389	0.391427987	0.314058182	0.423947803	0.272108942	0.156443687	0.593807363	0.327383511	0.392928665	0.313428434	0.425573999	0.395947502	0.274877883	0.260068707	0.420456007	0.573069562	0.293015081	0.209016274	0.311641223	0.235089369	0.474165788
CPRT	0.59798817	0.544849049	0.313971341	0.525224421	0.566954766	0.439577906	0.625110601	0.090241285	0.54580475	0.14295113	0.554220769	0.626103176	0.398324201	0.61474062	0.478886149	0.430027647	0.284417649	0.129400229	0.46894904	0.003157202	0.342939158	0.658879935	0.555563584	0.277019937	0.287594407	0.27523123	0.481799436	1	0.470237698	0.398238403	0.621760369	0.355623745	0.637688695	0.438488686	0.51071759	0.373395309	0.334616511	0.223533135	0.064468018	0.537087074	0.465557941	0.287753612	0.364639423	0.207254054	0.511744937	0.514899872	0.370260919	0.598992472	0.303333717	0.623935691	0.575874554	0.200358962	0.041686726	0.577455745	0.573217302	0.443416968	0.38814277	0.556506734	0.459761384	0.246161254	0.504577294	0.358754956	0.417724126	0.50943717	0.58793756	0.303969015	0.454614033	0.439318248	0.596139507	0.532365988	0.467418275	0.407001081	0.402473272	0.246929583	0.46348064	0.39689843	0.222368718	0.336685883	0.48474969	0.411051944	0.303476262	0.208465557	0.486309786	0.45686902	0.686463919	0.418225749	0.279721234	0.385815017	0.42657285	0.350972071	0.539243284	0.57392091	0.23904326	0.060730583	0.510718806	0.06560417	0.458546009
CRWD	0.486858775	0.451698575	0.423327719	0.422270177	0.375857442	0.242602177	0.510744822	-0.048660047	0.469771432	0.042855715	0.539368477	0.49806018	0.394393521	0.485239978	0.465418839	0.46362564	0.181845095	0.216289164	0.361012421	0.010839338	0.13800359	0.580438763	0.303189586	0.209099292	0.079675736	0.054280445	0.412018832	0.470237698	1	0.140324888	0.358260845	0.173135327	0.338817435	0.351754867	0.608855525	0.428680479	0.224861689	0.091701061	0.047166712	0.297567754	0.499765693	0.133253692	0.286229372	-0.037121689	0.466029895	0.458021838	0.204140261	0.456379709	0.284011664	0.547299031	0.443059283	0.074778948	-0.103570213	0.438362235	0.450748955	0.3783133	0.3226083	0.402834459	0.575121899	-0.046893649	0.472195045	0.328395066	0.143201628	0.468546962	0.501641129	0.294178923	0.321730527	0.340655256	0.526500122	0.43426704	0.267629781	0.374140841	0.119217545	0.53391231	0.344725683	0.147110184	0.240196392	-0.062857074	0.428255803	0.383688924	0.238338195	0.180971421	0.306367096	0.112267749	0.571813782	0.545471226	0.157780057	0.380686515	0.470333688	0.366834366	0.368499199	0.374444842	0.179230916	0.016719039	0.581606722	-0.050892154	0.718668258
CSCO	0.362636794	0.294488043	0.254985516	0.365586867	0.283467409	0.41057819	0.357372131	0.207085902	0.379789675	0.26425382	0.266140953	0.29473765	0.20467276	0.397164544	0.363014789	0.208999856	0.142969573	0.154622387	0.337623509	0.051908272	0.263866078	0.301617186	0.539224565	0.226369644	0.315430877	0.355577116	0.466129393	0.398238403	0.140324888	1	0.284720226	0.347722273	0.459789948	0.356295865	0.159799593	0.11370919	0.173739064	0.323746245	0.145707585	0.454123427	0.279388771	0.115860086	0.240527886	0.3519871	0.337735018	0.345310837	0.389187988	0.254840746	0.358749798	0.302310474	0.303824638	0.378730595	0.287157512	0.339889084	0.348435571	0.313719068	0.305619652	0.349771515	0.169592275	0.392667035	0.261516007	0.121246321	0.327458217	0.330559784	0.36529915	0.221948411	0.242049051	0.292201594	0.295943983	0.333026709	0.372133677	0.251684687	0.447331008	0.123336971	0.459452375	0.377260712	0.018007991	0.403963925	0.200729218	0.243325033	0.220020034	0.109853814	0.525144473	0.359529505	0.268381005	0.231864231	0.327652097	0.254151866	0.234454966	0.200251261	0.360664358	0.332465493	0.206869998	0.066259064	0.345792813	0.199207278	0.24352435
CSGP	0.44812349	0.342345029	0.342713958	0.438915962	0.447169296	0.413374826	0.552542216	0.156160166	0.391931797	0.205152934	0.42841255	0.469704727	0.354762295	0.476290611	0.339794166	0.371681205	0.261210287	0.178483387	0.365175518	0.118997075	0.389892691	0.443737828	0.478923628	0.261559549	0.267132967	0.20139531	0.321875704	0.621760369	0.358260845	0.284720226	1	0.288104937	0.5348962	0.397767018	0.437803129	0.292271066	0.35471842	0.21155381	0.094027639	0.415635784	0.344893749	0.195569327	0.340366388	0.247743133	0.330722562	0.327681181	0.39726251	0.499819553	0.225768196	0.466879683	0.466673238	0.18645504	0.110758772	0.446967633	0.425225783	0.352872349	0.26832457	0.431076512	0.461746346	0.268316956	0.445235831	0.173134335	0.375983684	0.401085387	0.47346998	0.320501199	0.263084348	0.340282754	0.377411097	0.380244712	0.329783102	0.275739833	0.317511346	0.30349015	0.416771319	0.404664841	0.294011482	0.321060036	0.442083168	0.272415964	0.207604462	0.168231562	0.329223505	0.347429783	0.461316336	0.387064934	0.266338219	0.292916403	0.318707832	0.299199886	0.501013551	0.509888317	0.27402355	0.016025483	0.456547739	0.174460077	0.419748351
CSX	0.352912091	0.274380696	0.216161554	0.349786904	0.456411707	0.494569729	0.470842343	0.294468083	0.4044906	0.207315373	0.255923135	0.393852984	0.189102089	0.392944945	0.298991443	0.279393598	0.188430142	0.055895651	0.345879084	0.178955742	0.22200115	0.313850127	0.389004141	0.250839673	0.214061258	0.329890332	0.387803901	0.355623745	0.173135327	0.347722273	0.288104937	1	0.534668485	0.400590435	0.236972619	0.260612706	0.154164862	0.326558325	0.220641414	0.565090327	0.343001701	0.142222949	0.308433808	0.210667804	0.245830709	0.259164657	0.426763735	0.405278543	0.336802747	0.357933426	0.480291946	0.347172191	0.287478316	0.353268652	0.401536298	0.417169925	0.404239362	0.40817969	0.160839506	0.329312947	0.196879711	0.225694701	0.277062598	0.222168093	0.340907464	0.188142869	0.186633288	0.199162166	0.304491754	0.350726024	0.582265024	0.284265961	0.344632291	0.112845194	0.539355171	0.356629988	-0.020334345	0.376312524	0.279606476	0.280681931	0.144972423	0.116526847	0.412920417	0.314781629	0.300853874	0.191249724	0.181593187	0.252419741	0.211799806	0.134080941	0.41465795	0.444578876	0.082852378	0.048688849	0.33687272	0.317176375	0.283732468
CTAS	0.570194007	0.319475428	0.276020578	0.576584665	0.489003232	0.590423481	0.60090537	0.365899543	0.40677382	0.246129109	0.47255662	0.59375386	0.308412131	0.474699436	0.398796201	0.361319698	0.30757585	0.116343671	0.431250807	0.093751675	0.307365102	0.505634674	0.513951477	0.279322742	0.285776758	0.306720984	0.592399785	0.637688695	0.338817435	0.459789948	0.5348962	0.534668485	1	0.473534762	0.430102317	0.340645155	0.230126173	0.478007894	0.221421666	0.620016099	0.488142055	0.155185687	0.36984356	0.306193359	0.428376483	0.436766359	0.474543239	0.55779493	0.32122264	0.617809626	0.579995768	0.396466743	0.180363066	0.430955915	0.414951566	0.464394596	0.421550558	0.455922839	0.387842826	0.338252135	0.433005573	0.282702983	0.380468617	0.369668035	0.600825502	0.235227458	0.253538385	0.337397849	0.402699067	0.412522697	0.491337973	0.349084297	0.485207895	0.283459342	0.603196954	0.449233366	0.160703539	0.511819015	0.45796235	0.349965033	0.304555516	0.240188971	0.541409367	0.45966044	0.490590958	0.389602476	0.411360794	0.361548019	0.31834142	0.259844001	0.522200433	0.655640685	0.248352339	0.125278086	0.513893768	0.381673343	0.454966943
