set ASSETS := ADBE	AMD	ABNB	AAPL	ADI	ADP	ADSK	AEP	AMAT	AMGN	AMZN	ANSS	APP	ASML	AVGO	AXON	AZN	BIIB	BKNG	BKR	CCEP	CDNS	CDW	CEG	CHTR	CMCSA	COST	CPRT	CRWD	CSCO	CSGP	CSX	CTAS	CTSH	DDOG	DXCM	EA	EXC	FANG	FAST	FTNT	GEHC	GFS	GILD	GOOG	GOOGL	HON	IDXX	INTC	INTU	ISRG	KDP	KHC	KLAC	LRCX	LULU	MAR	MCHP	MDB	MDLZ	MELI	META	MNST	MRVL	MSFT	MSTR	MU	NFLX	NVDA	NXPI	ODFL	ON	ORLY	PANW	PAYX	PCAR	PDD	PEP	PYPL	QCOM	REGN	ROP	ROST	SBUX	SNPS	TEAM	TMUS	TSLA	TTD	TTWO	TXN	VRSK	VRTX	WBD	WDAY	XEL	ZS;

param q = 35; # max number of assets in index fund

param rho: ADBE	AMD	ABNB	AAPL	ADI	ADP	ADSK	AEP	AMAT	AMGN	AMZN	ANSS	APP	ASML	AVGO	AXON	AZN	BIIB	BKNG	BKR	CCEP	CDNS	CDW	CEG	CHTR	CMCSA	COST	CPRT	CRWD	CSCO	CSGP	CSX	CTAS	CTSH	DDOG	DXCM	EA	EXC	FANG	FAST	FTNT	GEHC	GFS	GILD	GOOG	GOOGL	HON	IDXX	INTC	INTU	ISRG	KDP	KHC	KLAC	LRCX	LULU	MAR	MCHP	MDB	MDLZ	MELI	META	MNST	MRVL	MSFT	MSTR	MU	NFLX	NVDA	NXPI	ODFL	ON	ORLY	PANW	PAYX	PCAR	PDD	PEP	PYPL	QCOM	REGN	ROP	ROST	SBUX	SNPS	TEAM	TMUS	TSLA	TTD	TTWO	TXN	VRSK	VRTX	WBD	WDAY	XEL	ZS:=
ADBE	1	0.552879508	0.355834939	0.628936476	0.526035553	0.442015101	0.647159727	0.142673533	0.507688581	0.285025932	0.611483013	0.668648473	0.325148907	0.592363926	0.582001804	0.487771082	0.133184367	0.245923742	0.369919266	0.088318741	0.277955402	0.709158475	0.518005036	0.183154053	0.342765621	0.358808197	0.482488749	0.644228025	0.495309452	0.380362248	0.519494643	0.379590375	0.603822971	0.463050833	0.529201608	0.439191228	0.327666995	0.353501103	0.02948357	0.52804805	0.498397796	0.059697584	0.372006189	0.232853991	0.60085582	0.596370046	0.337613974	0.594103102	0.381725695	0.699820158	0.589114644	0.219397821	0.04709287	0.535865146	0.534821831	0.515692288	0.344932917	0.500233782	0.537505677	0.25074539	0.482165781	0.546589428	0.340132771	0.537925227	0.764546607	0.262266614	0.426090272	0.473919292	0.633165045	0.459720937	0.491855037	0.355850663	0.23714424	0.335309851	0.530109176	0.326088479	0.180327385	0.307548451	0.544851272	0.5190884	0.397015348	0.141951884	0.383580851	0.436202763	0.736796308	0.58079302	0.251459987	0.356135739	0.410298184	0.351083646	0.538889382	0.531439355	0.175745272	0.081968825	0.662182478	0.178436701	0.532916473
AMD	0.552879508	1	0.37192271	0.482880667	0.552646499	0.351095209	0.532854439	0.031928557	0.670858209	0.06563202	0.541292448	0.542207659	0.356001243	0.628566181	0.601775626	0.433144583	0.106730314	0.144565954	0.347653413	0.067015104	0.210042451	0.604805252	0.51062007	0.260529301	0.338728153	0.310294587	0.399816582	0.532113409	0.447551086	0.31441814	0.37986635	0.290268553	0.391946876	0.409609482	0.482897956	0.284479446	0.269887407	0.169550412	0.111525379	0.446723355	0.332422552	0.161296942	0.515754152	0.094635153	0.501655808	0.519061324	0.233003053	0.401963322	0.409506582	0.471525047	0.445023824	0.103983557	0.03679519	0.666785884	0.655961085	0.349843374	0.307208878	0.627312932	0.391214189	0.190486967	0.467518876	0.416471326	0.222291471	0.699507333	0.543992067	0.395450211	0.510347433	0.444634445	0.735420097	0.605894013	0.439621723	0.51065953	0.187740907	0.26955091	0.42324126	0.28735059	0.173679133	0.095569962	0.351635019	0.63262765	0.154684336	0.114154211	0.279916758	0.255505119	0.623867708	0.411146739	0.27790092	0.423395324	0.425932795	0.339827338	0.572992771	0.318273909	0.105256245	0.058372166	0.406813228	0.015750199	0.445783658
ABNB	0.355834939	0.37192271	1	0.354864894	0.478134014	0.275281334	0.458717043	0.024712532	0.423088878	0.009912444	0.510889173	0.412187345	0.326256167	0.483315527	0.350812538	0.429205185	0.053051447	0.123179206	0.502141783	0.115110664	0.309454057	0.418502799	0.334267634	0.139167084	0.197463906	0.247352236	0.313068234	0.294114115	0.429240325	0.248255064	0.356933682	0.203568048	0.272190972	0.448594402	0.446921761	0.306278679	0.233417936	0.172188396	0.152168831	0.300801678	0.407375149	0.241499277	0.404083437	-0.039925819	0.298859836	0.302686861	0.277890567	0.365967928	0.350833311	0.476777046	0.33140428	0.112563848	0.040275318	0.393622282	0.39434636	0.404346557	0.488248211	0.472470386	0.522682345	0.088554697	0.451009082	0.321119438	0.193298721	0.441427459	0.360964377	0.473599931	0.388300002	0.410409884	0.470197003	0.433625282	0.365236123	0.453398221	0.080458407	0.246597423	0.368835551	0.360098664	0.245369611	0.02752378	0.453162732	0.428052822	0.192911959	0.03341859	0.296298827	0.309713237	0.393175733	0.469238163	0.178641937	0.452253206	0.457050134	0.243687824	0.387828824	0.310942711	0.133825456	0.155358347	0.412482099	-0.093298892	0.464389643
AAPL	0.628936476	0.482880667	0.354864894	1	0.518577083	0.446175454	0.602214838	0.234290741	0.493593438	0.222027192	0.579205192	0.566887131	0.211292368	0.550301097	0.541751937	0.404749495	0.142433186	0.109730898	0.378874741	0.000657814	0.194200514	0.589347974	0.502721706	0.228082362	0.306877382	0.295842731	0.546970366	0.555389729	0.432321683	0.41619406	0.498497027	0.382935274	0.620983152	0.467289383	0.487829766	0.323792778	0.286175742	0.334836974	0.085590458	0.534439096	0.481987261	0.167268102	0.392611824	0.204259945	0.617772699	0.621242591	0.328572964	0.538243832	0.41097737	0.675472686	0.560599886	0.275995534	0.143835904	0.480664432	0.542354853	0.467626872	0.362456615	0.550304852	0.485515794	0.325914723	0.443679497	0.419413692	0.301139053	0.455952333	0.709038525	0.246807765	0.339391405	0.445522613	0.568021201	0.453407265	0.48883336	0.439996836	0.354882664	0.339587997	0.489746514	0.447226107	0.146401817	0.42255386	0.504482106	0.595846817	0.326739695	0.19799249	0.395274491	0.37917218	0.601875152	0.424925739	0.37359502	0.457874731	0.367638677	0.322371716	0.54217176	0.585090531	0.312340707	0.085726946	0.517810295	0.279491418	0.529829467
ADI	0.526035553	0.552646499	0.478134014	0.518577083	1	0.445254507	0.647806997	0.140054748	0.734816518	0.163483035	0.472482207	0.600042182	0.333236831	0.720399339	0.587719014	0.474839892	0.300126022	0.224834809	0.540716241	0.107502033	0.347099951	0.643116823	0.542704989	0.219478066	0.297599163	0.351003951	0.415729868	0.589081154	0.382144069	0.360302624	0.479564699	0.50877733	0.545559114	0.474322504	0.462259525	0.359772037	0.245416113	0.271093391	0.156070302	0.543685134	0.516442547	0.213213813	0.535926783	0.22318945	0.42184873	0.42994427	0.351605778	0.554481016	0.493252962	0.582816381	0.552335746	0.256429757	0.127964657	0.725021427	0.739691686	0.477545419	0.496304975	0.836474033	0.402175152	0.250320794	0.477930001	0.398536838	0.376852055	0.533908037	0.502528427	0.323652611	0.55528014	0.382445295	0.55761865	0.758400319	0.52586717	0.682203914	0.265934755	0.245180018	0.478219137	0.404646871	0.237020305	0.262319774	0.492125046	0.658650087	0.230262188	0.196354509	0.395534235	0.491874011	0.626164928	0.403687071	0.292906384	0.392196055	0.459944987	0.290335008	0.803295531	0.469072334	0.201575229	0.078219749	0.407979182	0.124369376	0.444872476
ADP	0.442015101	0.351095209	0.275281334	0.446175454	0.445254507	1	0.4882973	0.299191779	0.402512775	0.329725744	0.346840379	0.406220961	0.274539087	0.449532786	0.362036004	0.316013569	0.275867405	0.140790478	0.375730767	0.135343661	0.20682073	0.485140152	0.48792637	0.316620258	0.310113473	0.310965224	0.450167079	0.46318504	0.262201289	0.399795876	0.449880483	0.490088052	0.560919823	0.430091931	0.336788127	0.225362397	0.226633571	0.393200982	0.14804338	0.529257436	0.340313021	0.115525458	0.344414037	0.216213472	0.394824231	0.410767268	0.36858469	0.498715655	0.294900915	0.521385668	0.475365262	0.250452425	0.189366416	0.447646735	0.405920469	0.421547502	0.373345624	0.392386408	0.285262352	0.308101145	0.292218863	0.245278809	0.272381928	0.344565732	0.481780899	0.175667101	0.236747452	0.322226407	0.368436907	0.393461304	0.450948551	0.345193463	0.293622477	0.192300856	0.806018898	0.270336485	0.115349799	0.421383452	0.304688023	0.321955562	0.305113581	0.127210726	0.419134666	0.405967972	0.443325895	0.302029423	0.379011287	0.320712873	0.301316526	0.268817341	0.44174151	0.489028153	0.28492533	0.133089649	0.375271326	0.325034981	0.331606885
ADSK	0.647159727	0.532854439	0.458717043	0.602214838	0.647806997	0.4882973	1	0.191843555	0.603805455	0.242986547	0.564892421	0.679280694	0.407332749	0.648083875	0.56762496	0.51995946	0.168138835	0.199744622	0.480128012	0.093181419	0.345686807	0.678803782	0.589413487	0.236025486	0.31874059	0.306165421	0.472416539	0.62588659	0.517849413	0.369769096	0.561216301	0.479191675	0.618223613	0.536358993	0.580188962	0.436673348	0.364099569	0.324598026	0.120852423	0.55061632	0.57882447	0.113540306	0.405457044	0.226718763	0.543292547	0.55010088	0.410382559	0.609506377	0.432070932	0.677830166	0.574405752	0.236158369	0.114444094	0.601576165	0.599611789	0.513234843	0.425959087	0.620372019	0.511299433	0.318011153	0.561457493	0.434972202	0.405086118	0.486285577	0.653124079	0.338407647	0.395532079	0.460689504	0.566633653	0.591418163	0.590497864	0.539750334	0.337076782	0.319834665	0.596571842	0.378325259	0.225518429	0.332634666	0.606967992	0.508956773	0.310512828	0.146330249	0.394848848	0.401328784	0.667961616	0.575362726	0.323536556	0.462370008	0.438907555	0.401191351	0.609841988	0.537660483	0.218649308	0.07783772	0.580487046	0.170538718	0.552926528
AEP	0.142673533	0.031928557	0.024712532	0.234290741	0.140054748	0.299191779	0.191843555	1	0.04150148	0.320654511	0.108240224	0.192737147	-0.003960226	0.10000222	0.120056661	0.162829759	0.23981152	-0.051681406	0.08362687	0.188164697	0.19531413	0.100759719	0.13819705	0.231198455	0.24167535	0.291528959	0.307244954	0.143127401	-0.028384495	0.204857289	0.1694006	0.291140773	0.33035372	0.217836439	-0.002932143	0.16460574	0.157932959	0.663080799	0.049109584	0.267824526	0.161095645	0.123217559	0.119033593	0.317616833	0.058014623	0.066410164	0.337423034	0.179592542	0.198902414	0.170056175	0.233215312	0.317098121	0.286873173	0.025167256	0.047593419	0.130886947	0.068771065	0.060971788	-0.022048567	0.416164808	0.128755933	0.088439737	0.238207125	-0.024043588	0.195227714	0.093567536	-0.000358108	0.102911003	0.029406571	0.056856675	0.116757971	0.020024063	0.24204002	0.062927272	0.333292114	0.199690684	-0.013162358	0.484997195	0.141510927	0.143540126	0.231812896	0.033198391	0.14847833	0.181173121	0.098718665	-0.026027955	0.297658005	0.124677374	0.072070699	0.086355592	0.191483284	0.292875839	0.253654373	0.163805193	0.131929252	0.711155181	0.020296023
AMAT	0.507688581	0.670858209	0.423088878	0.493593438	0.734816518	0.402512775	0.603805455	0.04150148	1	0.152042891	0.48880504	0.581611139	0.365496351	0.775940774	0.664241942	0.479195014	0.208331035	0.176422167	0.503391295	0.124914683	0.300156463	0.602605709	0.520853451	0.295606215	0.295568005	0.325483078	0.42430455	0.530588765	0.416863859	0.424906948	0.424177028	0.442726783	0.465799963	0.419842944	0.457756735	0.282257577	0.268385131	0.188115344	0.307451257	0.563661617	0.411908869	0.156308789	0.483035858	0.150260524	0.45903985	0.463422888	0.297461709	0.475963371	0.535606393	0.518975646	0.489741937	0.187164963	0.08686375	0.909803082	0.933371404	0.356042212	0.459268016	0.793727141	0.411714817	0.175110245	0.485002959	0.403530105	0.302192827	0.627463448	0.505091115	0.37810835	0.640641802	0.399884921	0.678894267	0.74196792	0.559430716	0.675983937	0.290514446	0.273769388	0.429652545	0.379574086	0.271549743	0.141261222	0.468568567	0.633737572	0.18606265	0.111838373	0.415450382	0.367936167	0.607721135	0.380398007	0.2869777	0.366060217	0.410746377	0.246187996	0.729048383	0.373005581	0.201396647	0.039488054	0.45304654	0.050965396	0.447386697
AMGN	0.285025932	0.06563202	0.009912444	0.222027192	0.163483035	0.329725744	0.242986547	0.320654511	0.152042891	1	0.111758788	0.20715924	0.04288076	0.179481897	0.154484289	0.198238809	0.42921353	0.275380549	0.1605046	0.090677852	0.234325128	0.133090708	0.227673724	0.137389308	0.375486692	0.387586793	0.261472521	0.187207158	0.07419893	0.309876569	0.265872443	0.250735741	0.299271076	0.262636047	-0.01471241	0.161479465	0.259273533	0.300787736	0.134215465	0.238665161	0.137051046	-0.028306916	0.101181517	0.524685306	0.14698838	0.152063733	0.266368203	0.216318494	0.310561042	0.189083668	0.249210243	0.255864343	0.342964097	0.162589196	0.139535681	0.201828963	0.201306792	0.156898986	-0.014110817	0.398621498	0.157894028	0.144525876	0.239446421	0.066743513	0.163583363	-0.022589701	0.17185773	0.127277801	0.065085383	0.070163302	0.122496425	0.014626106	0.367358074	0.045510909	0.341109053	0.203245004	0.010105811	0.412488662	0.203786331	0.116280558	0.380495353	0.089739522	0.265992364	0.212202278	0.12098016	0.033260901	0.353282257	0.033308132	0.033699124	0.152242239	0.22012325	0.284512267	0.353169305	0.18232812	0.197383962	0.358468897	0.038962828
AMZN	0.611483013	0.541292448	0.510889173	0.579205192	0.472482207	0.346840379	0.564892421	0.108240224	0.48880504	0.111758788	1	0.586634344	0.429224066	0.598305327	0.493553394	0.463479848	0.062696105	0.223061621	0.477403373	0.105635563	0.305061012	0.619543644	0.462299693	0.309430531	0.244638586	0.255466402	0.501675007	0.570255141	0.533460426	0.273706573	0.450694446	0.267054778	0.510022128	0.466407552	0.58723891	0.268953508	0.265891371	0.249583863	0.054916003	0.446641709	0.431971015	0.185160425	0.39644047	-0.001034351	0.629997888	0.622299494	0.185179765	0.506731282	0.345291014	0.635127326	0.501381807	0.159193347	-0.017378882	0.488916225	0.520247261	0.44569515	0.408097526	0.481402461	0.597746675	0.176710938	0.560853779	0.522795754	0.249758621	0.520789605	0.669886408	0.366459021	0.383124544	0.574869191	0.628182617	0.41581503	0.44639653	0.403848531	0.204192721	0.295996205	0.396524806	0.343537166	0.17169997	0.173488233	0.497663651	0.481548526	0.234867524	0.102064164	0.287513149	0.384997038	0.626125353	0.548383008	0.326270091	0.412308227	0.467761427	0.389345885	0.468231425	0.466842505	0.18931682	0.122118976	0.554230576	0.102683565	0.561296751
ANSS	0.668648473	0.542207659	0.412187345	0.566887131	0.600042182	0.406220961	0.679280694	0.192737147	0.581611139	0.20715924	0.586634344	1	0.335413857	0.646005652	0.5631581	0.591842803	0.221732507	0.199671223	0.416266027	0.066052524	0.301741166	0.760899134	0.50121888	0.152322995	0.265394355	0.23094274	0.473713774	0.636078759	0.516292172	0.324815616	0.496966162	0.404718208	0.624007647	0.469411366	0.565523351	0.437634323	0.349426514	0.3514148	0.033957534	0.520859213	0.557310138	0.207996587	0.449141588	0.16050625	0.539826584	0.54324445	0.330231503	0.666021834	0.420517717	0.708076978	0.616257288	0.248001784	0.059840239	0.605942158	0.606872969	0.552980964	0.345226504	0.621187108	0.515662588	0.283197032	0.567987351	0.486941995	0.437010138	0.55526273	0.668054883	0.326808905	0.420136173	0.417226304	0.663704121	0.537011091	0.58197892	0.482409189	0.191325424	0.307378142	0.468307403	0.3253109	0.213909389	0.300678455	0.612711887	0.549194744	0.279054419	0.152923872	0.376157428	0.429686959	0.738871042	0.532747514	0.271689691	0.439095095	0.436045987	0.394468535	0.628779953	0.560321621	0.203837571	0.047668932	0.621560349	0.229754608	0.551663165
APP	0.325148907	0.356001243	0.326256167	0.211292368	0.333236831	0.274539087	0.407332749	-0.003960226	0.365496351	0.04288076	0.429224066	0.335413857	1	0.353012336	0.253025588	0.262310682	0.151671343	0.105160226	0.307823919	0.102081341	0.337955953	0.319553797	0.213680691	0.169629936	0.246188046	0.210164733	0.221430425	0.371077098	0.374766113	0.195250822	0.353839574	0.17885235	0.300400596	0.342953887	0.414856945	0.243196487	0.277549787	0.108603639	0.104413407	0.257910702	0.41482658	0.1317541	0.211714599	0.003641177	0.386302182	0.378531598	0.154700396	0.356220228	0.222487406	0.443699508	0.289634165	0.090244065	-0.091667543	0.335978345	0.366197377	0.275513911	0.206054075	0.257654916	0.377056123	0.152907664	0.341103722	0.311575363	0.211703344	0.356458362	0.349950054	0.265181612	0.27804753	0.41953908	0.354183558	0.293786761	0.294128088	0.232518248	0.185295039	0.282312155	0.299138212	0.199396471	0.178415402	0.151578641	0.251270922	0.236678231	0.206418773	0.03107983	0.136468248	0.190721604	0.40415874	0.407967745	0.10174624	0.224508542	0.366808611	0.334395216	0.231008905	0.315203827	0.113184922	0.073056853	0.357022724	-0.054009191	0.481904194
ASML	0.592363926	0.628566181	0.483315527	0.550301097	0.720399339	0.449532786	0.648083875	0.10000222	0.775940774	0.179481897	0.598305327	0.646005652	0.353012336	1	0.631886997	0.537692875	0.258196637	0.173569197	0.513583837	0.117546072	0.384624364	0.667824497	0.613236226	0.188460069	0.327062952	0.373198447	0.480992037	0.599413847	0.464172623	0.449208369	0.527884993	0.44101757	0.541344053	0.53704772	0.467404088	0.352943845	0.359954048	0.220518468	0.145348917	0.558736097	0.522013505	0.188181378	0.49608442	0.145185468	0.48828419	0.497165048	0.395820085	0.575169444	0.434092737	0.602892761	0.574127711	0.233418236	0.095179208	0.782252889	0.779016404	0.440747107	0.476642714	0.728305104	0.463641437	0.285143752	0.522792541	0.416152949	0.34518959	0.629557091	0.583964828	0.361848669	0.528836664	0.511340874	0.679840642	0.689806585	0.521776042	0.603930532	0.254605027	0.298902234	0.489687985	0.444654745	0.246852315	0.243968758	0.534181032	0.592671109	0.248442752	0.112538224	0.461783978	0.450136208	0.694853618	0.457672614	0.285721786	0.370920972	0.40733507	0.326659734	0.710853505	0.473619623	0.189636504	0.057963588	0.487558069	0.139025315	0.507543519
AVGO	0.582001804	0.601775626	0.350812538	0.541751937	0.587719014	0.362036004	0.56762496	0.120056661	0.664241942	0.154484289	0.493553394	0.5631581	0.253025588	0.631886997	1	0.408626782	0.091539364	0.123624378	0.418719442	0.048711824	0.236052288	0.609115074	0.4996984	0.327899359	0.247857139	0.258419733	0.502098101	0.526020479	0.439332383	0.437810898	0.4075591	0.381340707	0.480512708	0.465457396	0.476801798	0.333794192	0.286176119	0.193915987	0.122453908	0.502874755	0.435358849	0.164354414	0.442419219	0.180610837	0.425328002	0.428921742	0.315384781	0.44673175	0.442304019	0.485347492	0.52776672	0.206877105	0.116317156	0.658354622	0.653123181	0.359608145	0.399941176	0.640798406	0.420115579	0.224645467	0.365271623	0.365433235	0.294218214	0.713390117	0.533733938	0.220649939	0.557390565	0.362003797	0.644178121	0.634586976	0.507140741	0.537840133	0.276657575	0.29740486	0.452497163	0.369520198	0.184075434	0.179325481	0.387130349	0.579469187	0.17603171	0.186980249	0.417642837	0.394668438	0.615507369	0.464897773	0.256745558	0.37434152	0.330559404	0.360982637	0.658617793	0.433332428	0.247886809	-0.031284756	0.465852139	0.069933301	0.461047899
AXON	0.487771082	0.433144583	0.429205185	0.404749495	0.474839892	0.316013569	0.51995946	0.162829759	0.479195014	0.198238809	0.463479848	0.591842803	0.262310682	0.537692875	0.408626782	1	0.20718868	0.328520234	0.323523244	0.169410221	0.238097448	0.579027616	0.448216055	0.203076914	0.26862385	0.27948913	0.382676157	0.478376237	0.509599133	0.226699535	0.392389475	0.305850973	0.390383385	0.395192301	0.426845356	0.401616149	0.285619942	0.286163162	0.098399231	0.454297289	0.428792336	0.140248101	0.369427851	0.177379915	0.354295097	0.357019762	0.301929556	0.588565087	0.360134177	0.514665062	0.495133724	0.113996494	-0.029535847	0.485645694	0.479690992	0.490194665	0.307362846	0.492055804	0.396244473	0.110876654	0.557013253	0.303839266	0.316193214	0.401072652	0.449713254	0.334380145	0.3194121	0.375144204	0.467012316	0.410284704	0.453921182	0.373671838	0.147805872	0.3102618	0.420488485	0.303611399	0.143566251	0.084652845	0.511705526	0.42229903	0.275511755	0.07975361	0.289608745	0.347458045	0.572783083	0.411048414	0.307792831	0.313873883	0.476767134	0.253274216	0.47947311	0.442882679	0.131850664	0.027779147	0.436322546	0.071589026	0.480558776
AZN	0.133184367	0.106730314	0.053051447	0.142433186	0.300126022	0.275867405	0.168138835	0.23981152	0.208331035	0.42921353	0.062696105	0.221732507	0.151671343	0.258196637	0.091539364	0.20718868	1	0.267696101	0.277742857	0.138154723	0.190735186	0.119626662	0.19345186	0.047588044	0.271872704	0.203863892	0.227203899	0.266540083	0.123761436	0.204981653	0.232881399	0.251269656	0.310643668	0.207874952	0.08746191	0.215041101	0.158869044	0.252738275	0.15012714	0.175199817	0.17182572	0.082844943	0.111188321	0.413322386	0.1299294	0.12505402	0.240644836	0.237295532	0.214392415	0.205098318	0.279252351	0.289584012	0.235130793	0.229791194	0.180939329	0.120841162	0.204035234	0.269482134	0.114032553	0.280523608	0.20358502	0.110793906	0.250200839	0.113678892	0.161001022	0.084903744	0.144709849	0.115230051	0.179479602	0.150930791	0.128997931	0.08638362	0.268360705	0.040240437	0.246988846	0.172602041	0.132895826	0.273936873	0.19082019	0.132009167	0.262975976	0.204929338	0.264156929	0.189638141	0.156996989	0.06613907	0.300001171	0.054355358	0.078407041	0.145088815	0.264466773	0.304432757	0.287590875	0.168911457	0.06990611	0.269823811	0.095048565
BIIB	0.245923742	0.144565954	0.123179206	0.109730898	0.224834809	0.140790478	0.199744622	-0.051681406	0.176422167	0.275380549	0.223061621	0.199671223	0.105160226	0.173569197	0.123624378	0.328520234	0.267696101	1	0.058471962	-0.017172005	0.094364279	0.279697313	0.167272136	0.146268108	0.118272527	0.049975144	0.200472061	0.235539905	0.25108799	0.118664004	0.227322642	0.097226604	0.156392143	0.151298781	0.217875473	0.211065996	0.077087609	0.098641567	-0.066707199	0.17581137	0.193401602	0.054889485	0.068947405	0.217116037	0.148739779	0.138614851	0.134985604	0.279385794	0.129250523	0.185936362	0.264052768	0.046460496	0.139494677	0.225076633	0.167679017	0.18656472	0.099196827	0.210667812	0.15359901	0.056478143	0.308687186	0.113825805	0.222784685	0.224835856	0.245483703	0.177704531	0.102238913	0.156312137	0.193157712	0.098170997	0.110842412	0.084455756	0.110066452	0.031138907	0.172173051	0.100494754	-0.006384027	0.088339732	0.217563571	0.175030932	0.262189901	0.074833267	0.110719309	0.089740243	0.2443806	0.164694628	0.245435555	0.113464671	0.243816302	0.147010925	0.192826039	0.177442956	0.14608646	0.080230961	0.139032952	0.059107108	0.248248276
BKNG	0.369919266	0.347653413	0.502141783	0.378874741	0.540716241	0.375730767	0.480128012	0.08362687	0.503391295	0.1605046	0.477403373	0.416266027	0.307823919	0.513583837	0.418719442	0.323523244	0.277742857	0.058471962	1	0.154838625	0.45309027	0.329412334	0.489081472	0.148441343	0.237312422	0.342119946	0.288412312	0.432312806	0.299402659	0.398351369	0.379522546	0.364500013	0.457904965	0.434918832	0.319867585	0.239800805	0.233127871	0.182022507	0.355479256	0.424368916	0.327099915	0.188792877	0.29377788	0.13865212	0.412833376	0.416753476	0.36508294	0.321902608	0.346631102	0.487486732	0.417336282	0.250228497	0.117689373	0.481874117	0.485403036	0.35872675	0.741870921	0.580595896	0.368028315	0.281869734	0.391242047	0.35243693	0.339948046	0.356829605	0.371332339	0.326546858	0.437455903	0.310568652	0.399704558	0.506657008	0.354927257	0.47775114	0.224468587	0.1500124	0.476666203	0.460087651	0.30124975	0.233903428	0.391013102	0.407312484	0.178688616	0.118725571	0.485084804	0.550504466	0.3527679	0.376870987	0.359987574	0.350955611	0.320739831	0.247506043	0.465173099	0.388334318	0.26029738	0.025355339	0.374886596	0.085522428	0.381160185
BKR	0.088318741	0.067015104	0.115110664	0.000657814	0.107502033	0.135343661	0.093181419	0.188164697	0.124914683	0.090677852	0.105635563	0.066052524	0.102081341	0.117546072	0.048711824	0.169410221	0.138154723	-0.017172005	0.154838625	1	0.05285632	0.015974122	0.110490248	0.188121377	0.237104518	0.204464471	-0.003237221	0.004565262	0.053639841	0.029704403	0.098045508	0.168325516	0.088260917	0.087893271	0.032576857	0.033888776	0.129427147	0.183696597	0.361328327	0.054993663	0.053691737	0.047158398	0.243997413	0.112947425	0.048717808	0.052208903	0.237350228	0.063160319	0.166848508	0.028903457	0.09004261	-0.000318687	-0.026554637	0.099743717	0.117394586	0.148526897	0.1708647	0.136703139	-0.005634043	-0.05603378	-0.008376864	0.010192108	-0.112931093	0.070525512	0.022147932	0.024105805	0.100508376	0.143100959	0.076998932	0.132148408	0.181435307	0.169192925	0.116794177	0.072767854	0.104412291	0.168044042	-0.010898613	-0.021682451	0.070652854	0.071953099	0.045331487	-0.046018014	0.040370368	0.041106935	0.063030342	0.026765447	0.097076103	0.034243209	-0.028877921	0.046901363	0.211782461	-0.010470048	0.040590326	0.161278976	0.078968237	0.185783721	0.059270713
CCEP	0.277955402	0.210042451	0.309454057	0.194200514	0.347099951	0.20682073	0.345686807	0.19531413	0.300156463	0.234325128	0.305061012	0.301741166	0.337955953	0.384624364	0.236052288	0.238097448	0.190735186	0.094364279	0.45309027	0.05285632	1	0.196788652	0.277312662	0.099732848	0.318139808	0.391604606	0.177074539	0.312714194	0.122441112	0.247402182	0.378462969	0.219232303	0.298250047	0.287269064	0.186399585	0.190119088	0.287493571	0.222575841	0.050786523	0.297674808	0.188990314	0.07439053	0.184241546	0.207732444	0.197179387	0.199281784	0.404447827	0.272916366	0.227324515	0.2449066	0.317458009	0.214332528	0.200958355	0.287407244	0.306589502	0.247560639	0.289940395	0.324109058	0.203633534	0.489071489	0.223623569	0.233433337	0.420150495	0.179836984	0.253664946	0.158393595	0.261200071	0.203637279	0.239658349	0.312656473	0.193090958	0.189770283	0.19984009	0.044811194	0.253638762	0.370194221	0.041148734	0.349223843	0.30030186	0.232415152	0.180523532	0.065899041	0.210783269	0.332272917	0.215240867	0.171815348	0.252531362	0.066401466	0.18218744	0.156602818	0.24848162	0.208028993	0.180502124	0.01603975	0.139173196	0.170045842	0.140004438
CDNS	0.709158475	0.604805252	0.418502799	0.589347974	0.643116823	0.485140152	0.678803782	0.100759719	0.602605709	0.133090708	0.619543644	0.760899134	0.319553797	0.667824497	0.609115074	0.579027616	0.119626662	0.279697313	0.329412334	0.015974122	0.196788652	1	0.557087681	0.259655219	0.217287619	0.183360067	0.462772391	0.690604395	0.552689045	0.314253221	0.516369322	0.325924028	0.553415173	0.465599977	0.585099759	0.349090281	0.323296798	0.2807838	-0.039356469	0.556069877	0.543214551	0.195825017	0.452093031	0.086771174	0.529941348	0.535908245	0.270186856	0.638707883	0.338383037	0.696936033	0.597300541	0.126198695	-0.069950349	0.653901023	0.619266818	0.484265903	0.311015224	0.612556472	0.543623273	0.107001876	0.58029763	0.466155787	0.356903864	0.600486603	0.732093989	0.285858572	0.440331011	0.471500171	0.680214383	0.538904802	0.555509031	0.502475624	0.140918733	0.358863003	0.510818738	0.276360758	0.192042907	0.182200718	0.558595099	0.552867529	0.274129894	0.235772184	0.274273447	0.42839288	0.879599853	0.517680078	0.269210024	0.40451741	0.472293305	0.400381873	0.639392265	0.473256693	0.253451538	0.032814363	0.593515481	0.111815543	0.550662121
CDW	0.518005036	0.51062007	0.334267634	0.502721706	0.542704989	0.48792637	0.589413487	0.13819705	0.520853451	0.227673724	0.462299693	0.50121888	0.213680691	0.613236226	0.4996984	0.448216055	0.19345186	0.167272136	0.489081472	0.110490248	0.277312662	0.557087681	1	0.200508686	0.386166991	0.347297123	0.526456689	0.588500308	0.326617113	0.5376271	0.505160061	0.404571632	0.575796916	0.454236632	0.395603382	0.286114913	0.230019618	0.335155373	0.150991134	0.486334832	0.394111894	0.123651794	0.328843325	0.234571592	0.463324159	0.475203369	0.300545613	0.47364951	0.354406618	0.531047371	0.436728	0.218344391	0.11819631	0.558119902	0.514289883	0.440377095	0.429447452	0.556995396	0.352448898	0.289087185	0.413208133	0.295637433	0.370781246	0.455073079	0.513156673	0.30268595	0.364331524	0.41184321	0.514367826	0.552460861	0.505431325	0.493283924	0.41707308	0.213970646	0.56299053	0.438864277	0.123835427	0.317614211	0.37150819	0.431642212	0.283863399	0.133353083	0.487970691	0.514847829	0.51474463	0.399567887	0.362032446	0.367442754	0.357739579	0.259954723	0.527635693	0.470932248	0.130150583	0.082694716	0.442324052	0.223056451	0.40817584
CEG	0.183154053	0.260529301	0.139167084	0.228082362	0.219478066	0.316620258	0.236025486	0.231198455	0.295606215	0.137389308	0.309430531	0.152322995	0.169629936	0.188460069	0.327899359	0.203076914	0.047588044	0.146268108	0.148441343	0.188121377	0.099732848	0.259655219	0.200508686	1	0.117908694	0.124749186	0.240904103	0.246817952	0.152171339	0.226040139	0.270352161	0.246066877	0.272678546	0.172445591	0.174806093	0.123577016	-0.032864356	0.14011628	0.222633144	0.265809821	0.142472381	0.079927465	0.271501674	0.171655006	0.141957331	0.141302761	0.276463835	0.152502519	0.149060143	0.211973802	0.294843911	0.115550568	0.010743713	0.310846027	0.274337533	0.179180507	0.140662234	0.238542412	0.103762354	0.044214455	0.190696645	0.078746841	0.184391307	0.240678664	0.230887616	0.280867061	0.241438842	0.314348513	0.226854679	0.223030142	0.173833645	0.256276091	0.294517884	0.112142706	0.268776514	0.246753042	-0.036552808	0.124260518	0.130548475	0.200722192	0.102411165	0.019465571	0.235792837	0.124200296	0.241840907	0.153716724	0.282432855	0.223196957	0.187485019	-0.014359585	0.248132885	0.193412602	0.204666512	0.147000339	0.092984719	0.082154225	0.177301587
CHTR	0.342765621	0.338728153	0.197463906	0.306877382	0.297599163	0.310113473	0.31874059	0.24167535	0.295568005	0.375486692	0.244638586	0.265394355	0.246188046	0.327062952	0.247857139	0.26862385	0.271872704	0.118272527	0.237312422	0.237104518	0.318139808	0.217287619	0.386166991	0.117908694	1	0.690799401	0.3226189	0.332435986	0.18721277	0.307932872	0.30992965	0.23170234	0.294698953	0.402141362	0.155058014	0.151543968	0.223584411	0.285068073	0.143849708	0.237755336	0.14672686	0.275464848	0.259041479	0.313605822	0.256967539	0.25949154	0.307700091	0.341254713	0.326889423	0.334119533	0.286941694	0.12475949	0.178575282	0.280859549	0.285676611	0.257591975	0.272945349	0.340147318	0.155959308	0.292413353	0.272692669	0.150403167	0.12710182	0.195682228	0.219135395	0.129011638	0.284292361	0.356219395	0.233247955	0.290715203	0.270828984	0.170146819	0.304210055	0.165025594	0.364145631	0.199339471	0.033533667	0.201502477	0.284727262	0.349591664	0.196738839	0.127213412	0.287106681	0.36114117	0.233327673	0.275081872	0.341582145	0.139035609	0.221244198	0.230877883	0.316140533	0.320539657	0.203912223	0.243230239	0.162844999	0.230590649	0.206066198
CMCSA	0.358808197	0.310294587	0.247352236	0.295842731	0.351003951	0.310965224	0.306165421	0.291528959	0.325483078	0.387586793	0.255466402	0.23094274	0.210164733	0.373198447	0.258419733	0.27948913	0.203863892	0.049975144	0.342119946	0.204464471	0.391604606	0.183360067	0.347297123	0.124749186	0.690799401	1	0.289459361	0.29529256	0.117714364	0.396014663	0.244720693	0.353674351	0.349490005	0.412584887	0.059278175	0.19051453	0.299861251	0.288450508	0.222138904	0.276037689	0.26094272	0.111100461	0.281244527	0.278481235	0.268967394	0.27245089	0.309342557	0.354409337	0.389453211	0.313823905	0.333309454	0.145357702	0.268135902	0.27333303	0.302107369	0.243707323	0.366449465	0.329929623	0.119694239	0.390220621	0.215689686	0.305208971	0.225428767	0.187909476	0.223981278	0.219877469	0.332594307	0.341931632	0.234099613	0.283563583	0.251183857	0.147720198	0.291347672	0.151076267	0.418507294	0.24712378	0.106648626	0.315909622	0.31318656	0.36019404	0.168697884	0.110602396	0.411621186	0.428172407	0.227289356	0.225445756	0.317653722	0.150597638	0.20416845	0.189982103	0.298872616	0.329465618	0.247260418	0.222367383	0.211643273	0.230240209	0.157329157
COST	0.482488749	0.399816582	0.313068234	0.546970366	0.415729868	0.450167079	0.472416539	0.307244954	0.42430455	0.261472521	0.501675007	0.473713774	0.221430425	0.480992037	0.502098101	0.382676157	0.227203899	0.200472061	0.288412312	-0.003237221	0.177074539	0.462772391	0.526456689	0.240904103	0.3226189	0.289459361	1	0.527230905	0.382416469	0.47151427	0.361126893	0.411668944	0.625421641	0.456313752	0.405329077	0.328107962	0.215175954	0.360535754	0.011054089	0.546223786	0.444431924	0.167942675	0.301882101	0.224487053	0.363634047	0.368657007	0.26714528	0.485508603	0.294434954	0.556078804	0.530697609	0.308017598	0.23600778	0.443972424	0.416407876	0.498286178	0.339210135	0.415553059	0.37692964	0.347723094	0.378228117	0.233066002	0.353115611	0.431994786	0.477634966	0.209219787	0.298369183	0.372353943	0.462658663	0.370279174	0.483682275	0.342348121	0.510255023	0.292305652	0.529288029	0.35973971	0.076799602	0.450198474	0.337613504	0.425939981	0.317152956	0.127762759	0.559459839	0.354748004	0.403537472	0.323546969	0.4596526	0.38001265	0.307328351	0.293063497	0.436307244	0.584086721	0.240118345	0.21639784	0.32808332	0.299713193	0.456657806
CPRT	0.644228025	0.532113409	0.294114115	0.555389729	0.589081154	0.46318504	0.62588659	0.143127401	0.530588765	0.187207158	0.570255141	0.636078759	0.371077098	0.599413847	0.526020479	0.478376237	0.266540083	0.235539905	0.432312806	0.004565262	0.312714194	0.690604395	0.588500308	0.246817952	0.332435986	0.29529256	0.527230905	1	0.469026008	0.385144364	0.615784663	0.375984734	0.654543433	0.45504278	0.518619451	0.424147758	0.318003174	0.319376976	-0.007565956	0.575449202	0.485266623	0.263799592	0.339728539	0.20721385	0.497703523	0.501370989	0.351764995	0.613991548	0.290241865	0.642059367	0.586362592	0.230379887	0.083320742	0.575621238	0.556083413	0.454171256	0.355410048	0.5540418	0.481670367	0.271665084	0.538486026	0.403376038	0.443557987	0.548591025	0.617259921	0.303837073	0.41579053	0.474762224	0.606997161	0.521564794	0.525747213	0.403239797	0.400350135	0.22746859	0.492753638	0.426116172	0.224597393	0.363222261	0.493728438	0.43352993	0.347617646	0.209963416	0.445680445	0.498929737	0.69583515	0.435096582	0.348867822	0.383658205	0.460276026	0.395559635	0.556468078	0.618868164	0.242363452	0.076589072	0.508397942	0.144953015	0.44810013
CRWD	0.495309452	0.447551086	0.429240325	0.432321683	0.382144069	0.262201289	0.517849413	-0.028384495	0.416863859	0.07419893	0.533460426	0.516292172	0.374766113	0.464172623	0.439332383	0.509599133	0.123761436	0.25108799	0.299402659	0.053639841	0.122441112	0.552689045	0.326617113	0.152171339	0.18721277	0.117714364	0.382416469	0.469026008	1	0.168561297	0.39692974	0.211196078	0.378197877	0.395901162	0.624246839	0.412273448	0.252731129	0.159487842	0.019732781	0.367511028	0.516234285	0.134276674	0.258297585	-0.021196143	0.419479521	0.410571829	0.17159292	0.463800563	0.29559809	0.559856808	0.456624556	0.129721875	-0.023833075	0.402612385	0.399935825	0.424259304	0.279992322	0.422353644	0.605972585	0.003990948	0.515354747	0.310760706	0.204682221	0.462638265	0.471444012	0.328146118	0.261978054	0.347755438	0.503252373	0.402822573	0.342110032	0.343192585	0.149603079	0.498422488	0.382789397	0.139463687	0.200822246	-0.007524247	0.489007172	0.361931908	0.22213208	0.128834567	0.276911483	0.147385569	0.56030287	0.567481316	0.206999337	0.411337408	0.48437408	0.424039298	0.388596779	0.39436893	0.16248931	0.054867913	0.588695617	0.00443447	0.745761949
CSCO	0.380362248	0.31441814	0.248255064	0.41619406	0.360302624	0.399795876	0.369769096	0.204857289	0.424906948	0.309876569	0.273706573	0.324815616	0.195250822	0.449208369	0.437810898	0.226699535	0.204981653	0.118664004	0.398351369	0.029704403	0.247402182	0.314253221	0.5376271	0.226040139	0.307932872	0.396014663	0.47151427	0.385144364	0.168561297	1	0.309686959	0.3666103	0.486498486	0.385956454	0.172702479	0.176225474	0.21915023	0.33881404	0.238315223	0.472863101	0.330887629	0.078788776	0.221326831	0.355924612	0.36291485	0.369015095	0.357742115	0.227248566	0.378845778	0.319654808	0.346295582	0.427851837	0.313321807	0.385085085	0.396292017	0.3227459	0.391712171	0.392660701	0.190411992	0.443194034	0.259253106	0.14606394	0.361428682	0.361195092	0.391947121	0.257716164	0.306269946	0.299988053	0.325079208	0.365084781	0.372741975	0.299328413	0.441776477	0.118066446	0.489970598	0.407009171	0.114652139	0.437387974	0.221275873	0.302575849	0.240418581	0.096761496	0.579227407	0.393887181	0.286837641	0.239716395	0.3795537	0.28872856	0.237081837	0.217158043	0.40488966	0.37317146	0.234084655	0.055451094	0.322358224	0.199797128	0.244012321
CSGP	0.519494643	0.37986635	0.356933682	0.498497027	0.479564699	0.449880483	0.561216301	0.1694006	0.424177028	0.265872443	0.450694446	0.496966162	0.353839574	0.527884993	0.4075591	0.392389475	0.232881399	0.227322642	0.379522546	0.098045508	0.378462969	0.516369322	0.505160061	0.270352161	0.30992965	0.244720693	0.361126893	0.615784663	0.39692974	0.309686959	1	0.325152441	0.572454533	0.422521495	0.44195441	0.386142469	0.351391785	0.25034618	0.076224398	0.427972701	0.377683217	0.186740699	0.340607784	0.246658325	0.331206305	0.329230037	0.442985536	0.524695723	0.261354118	0.503939762	0.491142137	0.166074784	0.12582323	0.479195539	0.46700816	0.408640457	0.289270845	0.431635191	0.440306036	0.30658194	0.460573398	0.227533594	0.384023153	0.430490677	0.502317326	0.310684467	0.291602244	0.378046078	0.410908896	0.395019288	0.387504394	0.279148215	0.311215655	0.300287693	0.458169268	0.419407744	0.29186804	0.333708031	0.448074156	0.327045124	0.255695133	0.209318705	0.355251463	0.409882854	0.49715119	0.416267522	0.356007083	0.322306922	0.348219944	0.328518121	0.517239184	0.573003578	0.31962582	0.028657264	0.460150137	0.214041304	0.4343535
CSX	0.379590375	0.290268553	0.203568048	0.382935274	0.50877733	0.490088052	0.479191675	0.291140773	0.442726783	0.250735741	0.267054778	0.404718208	0.17885235	0.44101757	0.381340707	0.305850973	0.251269656	0.097226604	0.364500013	0.168325516	0.219232303	0.325924028	0.404571632	0.246066877	0.23170234	0.353674351	0.411668944	0.375984734	0.211196078	0.3666103	0.325152441	1	0.553279487	0.411709055	0.240521501	0.290733244	0.151448513	0.346945123	0.223591852	0.551949844	0.355388769	0.10651613	0.29549455	0.199001987	0.296982928	0.309833883	0.417468499	0.416119827	0.331888049	0.376392527	0.485458865	0.379090111	0.273764101	0.398476058	0.434088204	0.402374827	0.437679787	0.444918772	0.169643514	0.35889064	0.210985859	0.251550409	0.299268545	0.270255644	0.373711292	0.220420753	0.261972917	0.197433822	0.339156539	0.368263911	0.587364959	0.294340623	0.349571404	0.122069135	0.574235334	0.362608707	0.066722962	0.398553215	0.299179298	0.343908304	0.154650732	0.112157753	0.444259826	0.35345397	0.31084143	0.205551234	0.237804245	0.271668854	0.249560812	0.158375704	0.458773003	0.488889384	0.089407706	0.032357008	0.344427712	0.319344626	0.283012073
CTAS	0.603822971	0.391946876	0.272190972	0.620983152	0.545559114	0.560919823	0.618223613	0.33035372	0.465799963	0.299271076	0.510022128	0.624007647	0.300400596	0.541344053	0.480512708	0.390383385	0.310643668	0.156392143	0.457904965	0.088260917	0.298250047	0.553415173	0.575796916	0.272678546	0.294698953	0.349490005	0.625421641	0.654543433	0.378197877	0.486498486	0.572454533	0.553279487	1	0.478865615	0.448445034	0.406735198	0.261800905	0.502814916	0.215949552	0.631479508	0.516414629	0.129160998	0.346406425	0.305841118	0.468731839	0.478392502	0.445551076	0.567391717	0.361171074	0.653205429	0.608060197	0.36005789	0.206596472	0.494272161	0.471446581	0.532967663	0.461673146	0.508348119	0.398244729	0.413010268	0.458647912	0.339551162	0.433977661	0.41735081	0.640972141	0.239927821	0.293223783	0.374978853	0.470820829	0.43214116	0.520936597	0.371918651	0.502705235	0.281039411	0.60958208	0.473400758	0.221725914	0.564018113	0.476422706	0.427249082	0.337188666	0.228865091	0.578636743	0.509427527	0.540400639	0.41071505	0.463113257	0.381048475	0.348778114	0.305669471	0.568238189	0.689566454	0.231800682	0.108009711	0.523237974	0.395453606	0.461533793
